304336836
257168082
257168081
257168080
257168079
257168078
257168077
257168076
257168075
257168074
229013136
229013135
229013134
229013133
229013132
229013131
229013130
229013129
229013128
229013127
229013126
229013125
229013124
229013123
229013122
229013121
229013120
229013119
229013118
229013117
161484925
161484924
161484923
161484922
161484921
161484920
161484919
161484918
161484917
161484916
161484915
161484914
161484913
161484912
161484911
161484910
161484909
161484908
161484907
161484906
161484905
161484904
161484903
161484902
161484901
161484900
161484899
161484898
161484897
161484896
161484895
161484894
161484893
161484892
161484891
161484890
161484889
161484888
161484887
161484886
161484885
161484884
161484883
161484882
161484881
161484880
161484879
161484878
161484877
161484876
161484875
161484874
161484873
161484872
161484871
161484870
161484869
161484868
161484867
161484866
161484865
161484864
161484863
161484862
161484861
161484860
161484859
161484858
161484857
161484856
161484855
161484854
161484853
161484852
161484851
161484850
161484849
161484848
161484847
161484846
161484845
161484844
161484843
161484842
161484841
161484840
161484839
161484838
161484837
161484836
161484835
161484834
161484833
161484832
161484831
161484830
161484829
161484828
161484827
161484826
161484825
161484824
161484823
161484822
161484821
161484820
161484819
161484818
161484817
161484816
161484815
161484814
161484813
161484812
161484811
161484810
161484809
161484808
161484807
161484806
161484805
161484804
161484803
161484802
161484801
161484800
161484799
161484798
161484797
161484796
161484795
161484794
161484793
161484792
161484791
161484790
161484789
161484788
161484787
161484786
161484785
161484784
161484783
161484782
161484781
161484780
161484779
161484778
161484777
161484776
161484775
161484774
161484773
161484772
161484771
161484770
161484769
161484768
161484767
161484766
161484765
161484764
161484763
161484762
161484761
161484760
161484759
161484758
161484757
161484756
161484755
161484754
161484753
161484752
161484751
161484750
161484749
161484748
161484747
161484746
161484745
161484744
161484743
161484742
161484741
161484740
161484739
161484738
161484737
161484736
161484735
161484734
161484733
161484732
161484731
161484730
161484729
161484728
161484727
161484726
161484725
161484724
161484723
161484722
161484721
161484720
161484719
161484718
22128011
22128009
22128008
22128007
22128006
22128005
22128004
22128003
22128002
22128001
22128000
22127999
22127998
22127997
22127996
22127995
22127994
22127993
22127992
22127991
22127990
22127989
22127988
22127987
22127986
22127985
22127984
22127983
22127982
22127981
22127980
22127978
22127976
22127975
22127974
22127973
22127972
22127971
22127969
22127967
22127966
22127964
22127963
22127962
22127961
22127960
22127959
22127958
22127957
22127956
22127955
22127954
22127953
22127952
22127951
22127950
22127949
22127948
22127947
22127946
22127945
22127944
22127942
22127941
22127940
22127939
22127938
22127937
22127936
22127935
22127934
22127933
22127932
22127931
22127930
22127929
22127928
22127927
22127926
22127925
22127924
22127923
22127922
22127921
22127920
22127919
22127918
22127917
22127916
22127915
22127914
22127913
22127912
22127911
22127910
22127909
22127908
22127907
22127906
22127905
22127904
22127903
22127902
22127901
22127900
22127899
22127898
22127897
22127896
22127895
22127894
22127893
22127892
22127891
22127890
22127889
22127888
22127886
22127885
22127884
22127883
22127882
22127881
22127880
22127879
22127878
22127877
22127876
22127874
22127873
22127872
22127871
22127870
22127869
22127868
22127866
22127865
22127864
22127863
22127862
22127861
22127860
22127859
22127858
22127857
22127856
22127855
22127854
22127853
22127852
22127851
22127850
22127849
22127848
22127847
22127846
22127845
22127844
22127843
22127842
22127841
22127840
22127839
22127838
22127837
22127835
22127834
22127833
22127832
22127831
22127830
22127829
22127828
22127827
22127826
22127825
22127824
22127823
22127822
22127821
22127820
22127819
22127818
22127817
22127816
22127815
22127814
22127813
22127812
22127810
22127808
22127807
22127806
22127805
22127804
22127803
22127802
22127801
22127800
22127799
22127798
22127797
22127796
22127795
22127793
22127792
22127791
22127790
22127789
22127788
22127787
22127786
22127785
22127784
22127783
22127782
22127780
22127779
22127778
22127777
22127776
22127775
22127774
22127773
22127772
22127771
22127769
22127768
22127767
22127766
22127765
22127764
22127763
22127761
22127760
22127759
22127758
22127757
22127756
22127755
22127754
22127753
22127752
22127751
22127750
22127749
22127748
22127747
22127746
22127745
22127744
22127743
22127742
22127741
22127739
22127738
22127737
22127736
22127735
22127734
22127733
22127732
22127731
22127730
22127729
22127728
22127727
22127726
22127725
22127724
22127723
22127722
22127721
22127720
22127719
22127718
22127717
22127716
22127715
22127714
22127713
22127712
22127711
22127710
22127709
22127708
22127707
22127706
22127705
22127704
22127703
22127702
22127699
22127698
22127697
22127696
22127695
22127694
22127693
22127691
22127690
22127689
22127688
22127687
22127686
22127685
22127684
22127683
22127682
22127681
22127680
22127679
22127675
22127674
22127673
22127672
22127671
22127670
22127669
22127668
22127667
22127666
22127665
22127664
22127663
22127662
22127661
22127660
22127659
22127658
22127657
22127656
22127655
22127654
22127653
22127652
22127650
22127649
22127647
22127646
22127645
22127644
22127643
22127642
22127641
22127640
22127639
22127638
22127637
22127636
22127635
22127634
22127633
22127632
22127631
22127630
22127629
22127628
22127627
22127626
22127625
22127624
22127623
22127622
22127620
22127619
22127618
22127617
22127616
22127615
22127614
22127613
22127612
22127611
22127610
22127609
22127608
22127607
22127605
22127604
22127603
22127602
22127600
22127599
22127598
22127597
22127596
22127595
22127594
22127593
22127589
22127588
22127587
22127585
22127584
22127583
22127582
22127581
22127580
22127579
22127578
22127577
22127576
22127575
22127574
22127573
22127572
22127570
22127569
22127568
22127567
22127566
22127565
22127564
22127562
22127561
22127560
22127559
22127558
22127557
22127556
22127555
22127553
22127552
22127551
22127550
22127549
22127548
22127547
22127546
22127545
22127544
22127543
22127540
22127539
22127538
22127537
22127536
22127535
22127534
22127533
22127532
22127531
22127530
22127529
22127528
22127526
22127524
22127523
22127522
22127521
22127519
22127518
22127515
22127513
22127512
22127511
22127510
22127509
22127508
22127507
22127506
22127505
22127504
22127503
22127502
22127501
22127500
22127499
22127498
22127497
22127496
22127495
22127493
22127492
22127491
22127490
22127489
22127488
22127487
22127486
22127485
22127484
22127483
22127482
22127481
22127480
22127479
22127478
22127477
22127475
22127473
22127472
22127471
22127470
22127469
22127467
22127466
22127465
22127464
22127463
22127462
22127461
22127460
22127459
22127458
22127456
22127455
22127454
22127453
22127452
22127451
22127450
22127449
22127448
22127447
22127446
22127445
22127444
22127443
22127442
22127441
22127440
22127439
22127438
22127437
22127436
22127435
22127434
22127433
22127432
22127431
22127430
22127429
22127428
22127427
22127426
22127425
22127424
22127423
22127422
22127421
22127420
22127419
22127418
22127417
22127416
22127415
22127414
22127413
22127412
22127411
22127410
22127409
22127407
22127405
22127404
22127403
22127402
22127401
22127400
22127398
22127397
22127396
22127395
22127394
22127393
22127392
22127391
22127389
22127388
22127387
22127386
22127385
22127384
22127383
22127382
22127381
22127380
22127379
22127378
22127377
22127376
22127375
22127374
22127373
22127372
22127371
22127370
22127369
22127368
22127367
22127366
22127365
22127364
22127363
22127362
22127361
22127360
22127359
22127358
22127357
22127356
22127355
22127354
22127353
22127352
22127351
22127350
22127349
22127348
22127347
22127346
22127345
22127344
22127343
22127342
22127341
22127340
22127339
22127338
22127337
22127336
22127335
22127334
22127333
22127331
22127330
22127329
22127328
22127327
22127326
22127325
22127324
22127323
22127322
22127321
22127320
22127319
22127318
22127317
22127316
22127315
22127314
22127313
22127312
22127311
22127310
22127309
22127308
22127307
22127306
22127305
22127304
22127303
22127302
22127301
22127300
22127299
22127298
22127297
22127296
22127295
22127294
22127293
22127292
22127291
22127290
22127289
22127288
22127287
22127286
22127285
22127284
22127283
22127282
22127281
22127280
22127279
22127278
22127277
22127276
22127275
22127274
22127273
22127272
22127271
22127270
22127269
22127268
22127267
22127266
22127265
22127264
22127263
22127262
22127261
22127260
22127259
22127258
22127257
22127256
22127255
22127254
22127253
22127252
22127251
22127250
22127249
22127248
22127247
22127246
22127245
22127244
22127243
22127242
22127241
22127240
22127239
22127238
22127237
22127236
22127235
22127234
22127233
22127232
22127231
22127230
22127229
22127228
22127227
22127226
22127225
22127224
22127223
22127222
22127221
22127220
22127219
22127218
22127216
22127215
22127214
22127213
22127212
22127211
22127210
22127209
22127208
22127205
22127204
22127203
22127202
22127201
22127200
22127199
22127197
22127196
22127195
22127194
22127193
22127192
22127191
22127190
22127189
22127188
22127187
22127186
22127185
22127184
22127183
22127182
22127181
22127180
22127178
22127177
22127176
22127175
22127174
22127173
22127172
22127170
22127169
22127168
22127167
22127166
22127165
22127164
22127163
22127162
22127161
22127160
22127159
22127158
22127157
22127156
22127155
22127154
22127152
22127151
22127150
22127148
22127147
22127146
22127145
22127144
22127143
22127142
22127141
22127140
22127139
22127138
22127137
22127136
22127135
22127134
22127133
22127132
22127131
22127130
22127129
22127128
22127127
22127126
22127125
22127124
22127123
22127122
22127121
22127120
22127119
22127118
22127117
22127116
22127115
22127114
22127113
22127112
22127109
22127108
22127107
22127106
22127105
22127104
22127103
22127102
22127101
22127100
22127099
22127098
22127097
22127096
22127095
22127094
22127093
22127092
22127091
22127090
22127089
22127088
22127087
22127086
22127085
22127084
22127083
22127082
22127081
22127080
22127079
22127078
22127077
22127076
22127075
22127074
22127073
22127072
22127071
22127070
22127069
22127068
22127067
22127066
22127065
22127064
22127063
22127062
22127060
22127059
22127058
22127056
22127055
22127054
22127053
22127052
22127051
22127050
22127049
22127048
22127047
22127046
22127045
22127044
22127043
22127042
22127041
22127040
22127039
22127038
22127037
22127036
22127035
22127034
22127033
22127032
22127031
22127030
22127029
22127028
22127027
22127026
22127025
22127024
22127023
22127022
22127021
22127020
22127019
22127018
22127017
22127015
22127014
22127012
22127010
22127009
22127007
22127006
22127005
22127004
22127003
22127002
22127001
22127000
22126999
22126998
22126997
22126996
22126995
22126994
22126993
22126992
22126991
22126990
22126989
22126988
22126987
22126986
22126985
22126984
22126983
22126982
22126981
22126980
22126979
22126977
22126976
22126975
22126973
22126972
22126971
22126970
22126969
22126968
22126967
22126966
22126965
22126964
22126963
22126962
22126961
22126960
22126959
22126958
22126957
22126956
22126955
22126954
22126953
22126951
22126950
22126949
22126948
22126947
22126946
22126945
22126944
22126943
22126942
22126941
22126940
22126939
22126938
22126937
22126936
22126935
22126934
22126933
22126931
22126930
22126929
22126928
22126927
22126926
22126925
22126924
22126923
22126922
22126921
22126920
22126919
22126917
22126916
22126915
22126914
22126913
22126912
22126911
22126910
22126909
22126908
22126907
22126906
22126905
22126904
22126903
22126902
22126901
22126900
22126899
22126898
22126897
22126896
22126895
22126894
22126893
22126892
22126891
22126890
22126889
22126888
22126887
22126886
22126885
22126884
22126883
22126882
22126881
22126880
22126879
22126878
22126877
22126876
22126875
22126874
22126873
22126872
22126871
22126870
22126869
22126868
22126867
22126866
22126865
22126864
22126863
22126862
22126861
22126860
22126859
22126858
22126857
22126856
22126855
22126854
22126853
22126851
22126850
22126849
22126848
22126847
22126846
22126845
22126844
22126843
22126842
22126841
22126840
22126839
22126838
22126837
22126836
22126835
22126834
22126833
22126832
22126831
22126830
22126829
22126828
22126827
22126826
22126825
22126824
22126823
22126822
22126821
22126820
22126819
22126818
22126817
22126816
22126815
22126814
22126813
22126812
22126811
22126810
22126809
22126808
22126807
22126806
22126805
22126804
22126803
22126802
22126801
22126799
22126798
22126797
22126796
22126795
22126794
22126793
22126792
22126791
22126790
22126789
22126788
22126787
22126786
22126785
22126784
22126783
22126782
22126781
22126780
22126779
22126777
22126776
22126775
22126774
22126773
22126772
22126771
22126770
22126769
22126768
22126767
22126766
22126765
22126764
22126763
22126762
22126761
22126760
22126759
22126758
22126757
22126756
22126755
22126754
22126753
22126752
22126751
22126750
22126749
22126748
22126747
22126746
22126745
22126744
22126743
22126742
22126741
22126740
22126739
22126738
22126737
22126736
22126735
22126734
22126732
22126731
22126730
22126729
22126728
22126727
22126726
22126725
22126724
22126723
22126722
22126721
22126720
22126718
22126717
22126716
22126715
22126714
22126713
22126712
22126711
22126710
22126709
22126708
22126707
22126705
22126704
22126703
22126702
22126701
22126700
22126699
22126698
22126697
22126696
22126695
22126694
22126693
22126692
22126691
22126690
22126689
22126688
22126687
22126686
22126685
22126684
22126683
22126682
22126681
22126680
22126679
22126678
22126677
22126676
22126675
22126674
22126673
22126672
22126671
22126669
22126668
22126667
22126666
22126665
22126664
22126663
22126662
22126661
22126660
22126658
22126657
22126656
22126655
22126654
22126653
22126652
22126650
22126649
22126648
22126647
22126646
22126645
22126644
22126643
22126642
22126641
22126640
22126639
22126637
22126636
22126635
22126634
22126633
22126632
22126631
22126630
22126629
22126628
22126627
22126626
22126625
22126624
22126623
22126622
22126621
22126620
22126619
22126616
22126615
22126614
22126613
22126612
22126611
22126610
22126609
22126608
22126607
22126606
22126605
22126604
22126603
22126602
22126601
22126600
22126599
22126598
22126597
22126596
22126595
22126594
22126593
22126592
22126591
22126590
22126589
22126588
22126587
22126586
22126585
22126584
22126583
22126582
22126581
22126580
22126579
22126578
22126577
22126576
22126575
22126574
22126573
22126572
22126571
22126570
22126569
22126568
22126567
22126566
22126565
22126564
22126563
22126562
22126561
22126560
22126559
22126558
22126557
22126556
22126555
22126554
22126553
22126552
22126551
22126550
22126549
22126548
22126547
22126546
22126545
22126544
22126543
22126542
22126541
22126540
22126539
22126538
22126537
22126535
22126534
22126533
22126532
22126531
22126530
22126529
22126528
22126527
22126526
22126523
22126522
22126521
22126520
22126519
22126518
22126517
22126516
22126515
22126514
22126513
22126512
22126511
22126510
22126509
22126508
22126507
22126506
22126505
22126503
22126502
22126501
22126500
22126499
22126498
22126497
22126496
22126495
22126493
22126492
22126489
22126488
22126487
22126486
22126485
22126484
22126483
22126482
22126481
22126480
22126479
22126478
22126477
22126476
22126475
22126474
22126473
22126472
22126471
22126470
22126469
22126468
22126467
22126466
22126465
22126464
22126463
22126462
22126461
22126460
22126459
22126458
22126457
22126456
22126455
22126454
22126453
22126452
22126451
22126450
22126449
22126448
22126447
22126446
22126445
22126443
22126442
22126441
22126440
22126439
22126438
22126437
22126436
22126435
22126434
22126433
22126432
22126431
22126430
22126429
22126428
22126427
22126426
22126425
22126424
22126423
22126422
22126421
22126420
22126419
22126418
22126417
22126416
22126414
22126413
22126412
22126411
22126410
22126409
22126408
22126406
22126405
22126404
22126403
22126402
22126401
22126400
22126399
22126398
22126397
22126396
22126395
22126394
22126393
22126392
22126391
22126390
22126389
22126388
22126387
22126386
22126385
22126384
22126383
22126382
22126381
22126380
22126379
22126378
22126377
22126376
22126375
22126374
22126373
22126372
22126371
22126370
22126368
22126367
22126366
22126364
22126363
22126362
22126360
22126359
22126358
22126357
22126356
22126355
22126354
22126353
22126352
22126351
22126350
22126349
22126348
22126347
22126346
22126343
22126342
22126341
22126340
22126339
22126338
22126337
22126336
22126335
22126334
22126333
22126332
22126331
22126330
22126329
22126328
22126327
22126326
22126325
22126324
22126323
22126322
22126321
22126320
22126319
22126318
22126317
22126316
22126315
22126314
22126313
22126312
22126311
22126310
22126309
22126308
22126307
22126306
22126305
22126304
22126303
22126302
22126301
22126300
22126299
22126298
22126297
22126296
22126295
22126294
22126293
22126292
22126291
22126290
22126289
22126288
22126287
22126284
22126283
22126282
22126281
22126280
22126279
22126278
22126277
22126276
22126275
22126274
22126273
22126272
22126271
22126270
22126269
22126268
22126267
22126266
22126265
22126264
22126263
22126262
22126261
22126260
22126259
22126258
22126257
22126256
22126255
22126254
22126251
22126250
22126249
22126248
22126247
22126246
22126245
22126244
22126242
22126240
22126239
22126238
22126237
22126236
22126235
22126234
22126232
22126231
22126229
22126228
22126227
22126226
22126224
22126223
22126222
22126221
22126220
22126219
22126218
22126217
22126216
22126215
22126214
22126213
22126212
22126211
22126210
22126209
22126208
22126207
22126206
22126205
22126204
22126203
22126202
22126201
22126199
22126198
22126197
22126196
22126195
22126194
22126193
22126192
22126191
22126190
22126189
22126188
22126187
22126186
22126185
22126184
22126183
22126182
22126181
22126180
22126178
22126177
22126175
22126174
22126173
22126172
22126171
22126170
22126169
22126168
22126167
22126166
22126165
22126164
22126163
22126162
22126161
22126160
22126159
22126158
22126157
22126156
22126155
22126154
22126153
22126152
22126151
22126150
22126148
22126147
22126146
22126145
22126144
22126143
22126142
22126140
22126138
22126137
22126135
22126134
22126133
22126132
22126129
22126128
22126127
22126126
22126125
22126124
22126123
22126122
22126121
22126120
22126119
22126118
22126117
22126116
22126115
22126114
22126113
22126112
22126111
22126110
22126109
22126108
22126107
22126106
22126105
22126104
22126103
22126102
22126101
22126100
22126099
22126098
22126097
22126096
22126095
22126094
22126093
22126092
22126091
22126090
22126089
22126088
22126087
22126086
22126085
22126084
22126083
22126082
22126081
22126080
22126079
22126078
22126077
22126076
22126075
22126074
22126073
22126072
22126071
22126070
22126069
22126068
22126067
22126065
22126063
22126062
22126061
22126060
22126059
22126058
22126057
22126056
22126055
22126054
22126053
22126052
22126051
22126050
22126049
22126048
22126047
22126046
22126045
22126044
22126043
22126042
22126040
22126039
22126038
22126037
22126036
22126035
22126034
22126033
22126032
22126031
22126030
22126029
22126028
22126027
22126026
22126025
22126024
22126023
22126022
22126021
22126020
22126019
22126018
22126017
22126016
22126015
22126014
22126013
22126012
22126011
22126010
22126009
22126008
22126007
22126006
22126005
22126004
22126003
22126002
22126000
22125999
22125998
22125997
22125996
22125995
22125994
22125993
22125992
22125991
22125990
22125989
22125988
22125985
22125984
22125983
22125982
22125981
22125980
22125979
22125978
22125976
22125975
22125974
22125973
22125972
22125971
22125970
22125969
22125968
22125967
22125966
22125965
22125963
22125961
22125960
22125959
22125958
22125957
22125956
22125955
22125954
22125953
22125952
22125951
22125950
22125949
22125948
22125947
22125946
22125945
22125944
22125943
22125942
22125941
22125940
22125938
22125937
22125936
22125935
22125934
22125933
22125932
22125931
22125930
22125929
22125928
22125927
22125926
22125925
22125923
22125922
22125921
22125920
22125919
22125918
22125917
22125916
22125915
22125914
22125913
22125912
22125911
22125910
22125909
22125908
22125907
22125906
22125905
22125904
22125902
22125901
22125900
22125899
22125898
22125897
22125896
22125895
22125894
22125893
22125892
22125891
22125890
22125889
22125888
22125887
22125885
22125884
22125883
22125881
22125880
22125879
22125878
22125877
22125876
22125875
22125874
22125873
22125872
22125870
22125869
22125868
22125867
22125866
22125865
22125864
22125862
22125861
22125860
22125859
22125858
22125857
22125856
22125854
22125853
22125852
22125851
22125850
22125849
22125848
22125847
22125845
22125844
22125843
22125842
22125841
22125840
22125839
22125838
22125837
22125836
22125835
22125834
22125833
22125832
22125830
22125829
22125827
22125826
22125825
22125824
22125822
22125821
22125820
22125819
22125818
22125817
22125815
22125814
22125813
22125812
22125811
22125810
22125809
22125808
22125807
22125806
22125804
22125802
22125801
22125800
22125799
22125798
22125796
22125795
22125794
22125793
22125792
22125791
22125790
22125789
22125788
22125787
22125786
22125785
22125784
22125783
22125782
22125781
22125780
22125779
22125778
22125777
22125776
22125775
22125774
22125773
22125772
22125771
22125770
22125769
22125768
22125767
22125766
22125765
22125764
22125763
22125762
22125761
22125759
22125758
22125757
22125756
22125755
22125754
22125753
22125752
22125751
22125750
22125749
22125748
22125747
22125746
22125745
22125744
22125743
22125742
22125741
22125740
22125739
22125738
22125737
22125736
22125735
22125734
22125733
22125732
22125731
22125730
22125728
22125727
22125726
22125725
22125724
22125723
22125722
22125721
22125720
22125719
22125718
22125717
22125716
22125715
22125714
22125713
22125711
22125710
22125709
22125708
22125707
22125706
22125705
22125704
22125703
22125702
22125701
22125700
22125699
22125698
22125697
22125696
22125695
22125694
22125693
22125692
22125691
22125690
22125689
22125688
22125687
22125686
22125685
22125684
22125683
22125681
22125680
22125679
22125678
22125677
22125676
22125675
22125674
22125673
22125672
22125671
22125670
22125669
22125668
22125667
22125666
22125665
22125664
22125662
22125661
22125660
22125659
22125658
22125657
22125656
22125655
22125654
22125653
22125652
22125651
22125650
22125649
22125648
22125647
22125646
22125643
22125642
22125641
22125640
22125639
22125637
22125636
22125635
22125634
22125632
22125631
22125630
22125629
22125628
22125627
22125626
22125625
22125624
22125623
22125622
22125621
22125620
22125619
22125618
22125617
22125616
22125615
22125614
22125613
22125612
22125611
22125610
22125609
22125608
22125607
22125606
22125605
22125604
22125603
22125602
22125601
22125600
22125599
22125598
22125597
22125596
22125595
22125594
22125593
22125592
22125590
22125589
22125587
22125586
22125585
22125584
22125583
22125582
22125581
22125580
22125579
22125578
22125577
22125576
22125575
22125574
22125573
22125572
22125571
22125570
22125569
22125568
22125567
22125566
22125565
22125564
22125563
22125562
22125561
22125560
22125559
22125558
22125556
22125555
22125553
22125552
22125551
22125550
22125549
22125548
22125547
22125546
22125545
22125544
22125543
22125542
22125541
22125540
22125539
22125538
22125537
22125536
22125535
22125534
22125533
22125532
22125531
22125530
22125529
22125528
22125527
22125526
22125525
22125524
22125522
22125521
22125518
22125517
22125515
22125514
22125513
22125512
22125511
22125510
22125509
22125508
22125507
22125506
22125505
22125504
22125503
22125502
22125501
22125500
22125499
22125497
22125495
22125494
22125493
22125492
22125491
22125490
22125489
22125488
22125487
22125486
22125484
22125483
22125482
22125481
22125480
22125479
22125478
22125477
22125476
22125475
22125474
22125473
22125472
22125471
22125470
22125469
22125468
22125467
22125466
22125465
22125464
22125463
22125462
22125461
22125460
22125459
22125458
22125457
22125456
22125455
22125454
22125453
22125452
22125451
22125450
22125449
22125448
22125447
22125446
22125445
22125444
22125443
22125442
22125441
22125440
22125439
22125438
22125437
22125436
22125435
22125434
22125433
22125432
22125431
22125430
22125429
22125428
22125427
22125426
22125425
22125424
22125423
22125422
22125421
22125420
22125419
22125418
22125417
22125416
22125415
22125414
22125413
22125412
22125411
22125410
22125409
22125408
22125407
22125406
22125405
22125404
22125403
22125402
22125401
22125400
22125399
22125398
22125397
22125396
22125395
22125394
22125393
22125392
22125391
22125390
22125389
22125388
22125387
22125386
22125385
22125384
22125383
22125381
22125380
22125379
22125378
22125377
22125376
22125375
22125374
22125373
22125372
22125371
22125370
22125369
22125368
22125367
22125366
22125365
22125364
22125363
22125362
22125361
22125360
22125359
22125358
22125357
22125356
22125355
22125354
22125353
22125352
22125351
22125350
22125349
22125348
22125347
22125346
22125345
22125344
22125342
22125341
22125340
22125339
22125338
22125337
22125336
22125335
22125334
22125333
22125332
22125331
22125330
22125329
22125328
22125327
22125326
22125325
22125324
22125322
22125321
22125320
22125319
22125318
22125317
22125316
22125315
22125314
22125313
22125312
22125311
22125310
22125309
22125308
22125307
22125305
22125304
22125303
22125301
22125300
22125299
22125298
22125297
22125296
22125295
22125294
22125293
22125292
22125291
22125290
22125289
22125288
22125287
22125286
22125285
22125284
22125283
22125282
22125281
22125280
22125279
22125278
22125277
22125276
22125275
22125274
22125273
22125272
22125271
22125270
22125269
22125268
22125267
22125266
22125265
22125264
22125263
22125262
22125261
22125260
22125259
22125258
22125257
22125256
22125255
22125254
22125253
22125252
22125251
22125250
22125249
22125248
22125247
22125246
22125245
22125244
22125243
22125242
22125241
22125240
22125239
22125238
22125237
22125236
22125235
22125234
22125233
22125232
22125231
22125230
22125229
22125228
22125227
22125226
22125225
22125224
22125223
22125222
22125221
22125220
22125219
22125218
22125217
22125216
22125215
22125214
22125213
22125212
22125211
22125210
22125209
22125208
22125207
22125205
22125204
22125203
22125202
22125201
22125200
22125198
22125197
22125196
22125195
22125194
22125193
22125192
22125191
22125190
22125189
22125188
22125187
22125186
22125185
22125184
22125183
22125181
22125180
22125179
22125178
22125177
22125176
22125175
22125173
22125172
22125171
22125170
22125169
22125168
22125167
22125166
22125165
22125164
22125163
22125162
22125161
22125160
22125159
22125158
22125156
22125155
22125154
22125153
22125152
22125151
22125150
22125149
22125148
22125147
22125146
22125145
22125144
22125143
22125142
22125141
22125139
22125138
22125137
22125136
22125135
22125134
22125133
22125132
22125131
22125130
22125129
22125128
22125126
22125125
22125124
22125123
22125122
22125121
22125120
22125119
22125118
22125117
22125116
22125115
22125114
22125113
22125112
22125111
22125110
22125109
22125107
22125106
22125105
22125104
22125103
22125102
22125101
22125100
22125099
22125098
22125097
22125096
22125095
22125094
22125093
22125092
22125091
22125090
22125089
22125088
22125087
22125086
22125085
22125084
22125083
22125082
22125081
22125080
22125079
22125078
22125077
22125076
22125074
22125073
22125072
22125071
22125068
22125067
22125066
22125065
22125064
22125063
22125062
22125061
22125060
22125059
22125058
22125057
22125056
22125055
22125054
22125053
22125052
22125051
22125050
22125049
22125048
22125047
22125046
22125045
22125044
22125043
22125042
22125041
22125040
22125039
22125038
22125037
22125036
22125035
22125034
22125033
22125032
22125031
22125030
22125029
22125028
22125027
22125026
22125025
22125024
22125023
22125022
22125021
22125020
22125019
22125018
22125017
22125016
22125015
22125014
22125013
22125012
22125011
22125010
22125009
22125008
22125007
22125006
22125005
22125004
22125003
22125002
22125001
22125000
22124999
22124998
22124996
22124995
22124994
22124993
22124992
22124991
22124990
22124989
22124988
22124987
22124986
22124985
22124984
22124983
22124982
22124981
22124980
22124979
22124978
22124977
22124976
22124975
22124974
22124973
22124972
22124971
22124970
22124969
22124968
22124967
22124966
22124965
22124964
22124963
22124962
22124961
22124960
22124959
22124958
22124957
22124956
22124954
22124953
22124952
22124951
22124950
22124949
22124948
22124946
22124945
22124944
22124943
22124942
22124941
22124940
22124939
22124938
22124937
22124936
22124935
22124934
22124933
22124932
22124931
22124928
22124927
22124926
22124925
22124924
22124922
22124921
22124920
22124919
22124918
22124916
22124915
22124914
22124913
22124912
22124910
22124909
22124907
22124906
22124905
22124904
22124903
22124902
22124900
22124898
22124897
22124896
22124895
22124894
22124893
22124892
22124891
22124890
22124889
22124888
22124887
22124886
22124885
22124884
22124883
22124882
22124881
22124880
22124879
22124878
22124877
22124876
22124875
22124874
22124873
22124872
22124870
22124869
22124868
22124867
22124865
22124864
22124863
22124862
22124861
22124860
22124859
22124858
22124857
22124856
22124855
22124854
22124853
22124852
22124851
22124850
22124849
22124848
22124847
22124846
22124845
22124844
22124843
22124842
22124841
22124840
22124839
22124838
22124837
22124836
22124835
22124834
22124833
22124832
22124831
22124830
22124829
22124827
22124826
22124825
22124824
22124823
22124822
22124821
22124820
22124819
22124818
22124817
22124816
22124815
22124814
22124813
22124812
22124811
22124810
22124809
22124808
22124807
22124806
22124804
22124803
22124802
22124801
22124799
22124798
22124797
22124796
22124795
22124794
22124793
22124792
22124791
22124790
22124789
22124788
22124787
22124786
22124785
22124784
22124783
22124782
22124781
22124780
22124778
22124777
22124776
22124775
22124773
22124772
22124771
22124770
22124769
22124768
22124767
22124766
22124765
22124764
22124763
22124762
22124760
22124759
22124758
22124757
22124756
22124755
22124754
22124753
22124752
22124751
22124750
22124749
22124748
22124747
22124746
22124745
22124744
22124743
22124742
22124741
22124740
22124739
22124738
22124737
22124736
22124735
22124734
22124733
22124732
22124730
22124729
22124728
22124727
22124726
22124725
22124724
22124723
22124722
22124721
22124720
22124719
22124718
22124717
22124716
22124715
22124714
22124713
22124712
22124710
22124709
22124708
22124707
22124706
22124705
22124701
22124700
22124698
22124697
22124696
22124695
22124694
22124693
22124692
22124689
22124687
22124686
22124684
22124683
22124682
22124681
22124680
22124678
22124677
22124676
22124674
22124673
22124672
22124671
22124670
22124669
22124668
22124667
22124666
22124665
22124664
22124663
22124662
22124661
22124660
22124659
22124658
22124657
22124656
22124655
22124654
22124653
22124652
22124651
22124650
22124649
22124648
22124647
22124646
22124645
22124644
22124643
22124642
22124641
22124640
22124638
22124637
22124636
22124635
22124634
22124633
22124632
22124631
22124630
22124629
22124628
22124627
22124626
22124625
22124624
22124623
22124622
22124621
22124620
22124619
22124618
22124617
22124616
22124615
22124614
22124613
22124612
22124611
22124609
22124608
22124607
22124606
22124605
22124604
22124602
22124601
22124599
22124598
22124597
22124596
22124594
22124593
22124592
22124591
22124590
22124589
22124588
22124587
22124585
22124584
22124583
22124582
22124581
22124580
22124579
22124578
22124577
22124576
22124575
22124574
22124573
22124572
22124571
22124570
22124569
22124568
22124567
22124566
22124565
22124564
22124563
22124562
22124561
22124560
22124559
22124558
22124557
22124556
22124555
22124552
22124551
22124549
22124548
22124547
22124545
22124544
22124543
22124542
22124541
22124540
22124539
22124538
22124536
22124535
22124534
22124533
22124531
22124530
22124529
22124528
22124527
22124526
22124525
22124524
22124523
22124522
22124520
22124519
22124518
22124517
22124516
22124515
22124514
22124513
22124512
22124511
22124510
22124509
22124508
22124506
22124505
22124504
22124503
22124502
22124501
22124500
22124499
22124498
22124497
22124496
22124495
22124494
22124493
22124492
22124491
22124490
22124489
22124488
22124486
22124485
22124483
22124481
22124480
22124479
22124478
22124477
22124476
22124475
22124474
22124473
22124472
22124471
22124470
22124469
22124468
22124467
22124466
22124465
22124464
22124463
22124462
22124461
22124460
22124459
22124458
22124457
22124456
22124455
22124454
22124452
22124451
22124450
22124449
22124448
22124447
22124446
22124445
22124444
22124443
22124442
22124441
22124440
22124439
22124438
22124437
22124436
22124435
22124434
22124433
22124432
22124431
22124430
22124429
22124428
22124427
22124426
22124424
22124423
22124422
22124421
22124420
22124419
22124418
22124417
22124416
22124415
22124414
22124413
22124411
22124410
22124409
22124408
22124407
22124406
22124405
22124404
22124402
22124401
22124400
22124399
22124398
22124397
22124396
22124395
22124394
22124392
22124391
22124390
22124389
22124388
22124387
22124385
22124384
22124383
22124382
22124381
22124380
22124379
22124378
22124375
22124374
22124373
22124372
22124371
22124370
22124369
22124368
22124367
22124366
22124365
22124364
22124363
22124362
22124361
22124360
22124358
22124357
22124356
22124355
22124354
22124353
22124352
22124351
22124350
22124349
22124348
22124347
22124346
22124345
22124344
22124343
22124342
22124340
22124339
22124338
22124337
22124336
22124335
22124334
22124333
22124332
22124331
22124330
22124329
22124328
22124327
22124326
22124325
22124322
22124320
22124319
22124318
22124317
22124316
22124315
22124314
22124313
22124312
22124311
22124310
22124309
22124307
22124306
22124305
22124304
22124303
22124301
22124300
22124299
22124298
22124297
22124295
22124294
22124293
22124292
22124291
22124290
22124288
22124287
22124286
22124285
22124283
22124282
22124281
22124280
22124279
22124277
22124276
22124275
22124274
22124273
22124272
22124271
22124270
22124269
22124268
22124267
22124266
22124265
22124264
22124263
22124262
22124261
22124260
22124259
22124258
22124257
22124256
22124253
22124252
22124251
22124250
22124249
22124248
22124247
22124246
22124245
22124241
22124240
22124239
22124237
22124236
22124235
22124234
22124233
22124232
22124231
22124230
22124229
22124227
22124226
22124224
22124223
22124222
22124221
22124220
22124219
22124218
22124216
22124215
22124214
22124213
22124212
22124211
22124210
22124207
22124206
22124205
22124204
22124203
22124202
22124201
22124200
22124199
22124198
22124197
22124196
22124195
22124194
22124193
22124192
22124191
22124190
22124189
22124188
22124187
22124186
22124185
22124184
22124183
22124182
22124181
22124180
22124179
22124178
22124177
22124176
22124175
22124174
22124173
22124172
22124171
22124170
22124169
22124168
22124167
22124166
22124165
22124164
22124163
22124161
22124160
22124159
22124158
22124157
22124155
22124154
22124153
22124152
22124151
22124150
22124149
22124148
22124147
22124146
22124145
22124144
22124143
22124142
22124141
22124140
22124139
22124138
22124137
22124136
22124135
22124134
22124133
22124130
22124129
22124128
22124127
22124126
22124125
22124124
22124123
22124122
22124121
22124120
22124119
22124118
22124117
22124116
22124115
22124114
22124113
22124111
22124110
22124109
22124108
22124107
22124106
22124105
22124104
22124103
22124102
22124101
22124100
22124099
22124098
22124097
22124096
22124095
22124094
22124093
22124092
22124091
22124090
22124089
22124088
22124087
22124085
22124084
22124083
22124082
22124081
22124080
22124079
22124078
22124077
22124076
22124075
22124074
22124073
22124072
22124071
22124070
22124068
22124067
22124066
22124065
22124064
22124063
22124062
22124061
22124060
22124059
22124058
22124057
22124056
22124055
22124052
22124051
22124050
22124049
22124047
22124046
22124045
22124044
22124043
22124042
22124041
22124040
22124039
22124038
22124037
22124035
22124034
22124033
22124032
22124031
22124030
22124029
22124028
22124027
22124026
22124025
22124024
22124023
22124022
22124021
22124020
22124019
22124018
22124017
22124016
22124015
22124014
22124012
22124011
22124010
22124009
22124008
22124007
22124006
22124005
22124000
22123999
22123998
22123997
22123996
22123995
22123994
22123992
22123991
22123990
22123989
22123988
22123987
22123986
22123985
22123984
22123983
22123982
22123981
22123980
22123979
22123978
22123977
22123976
22123975
22123974
22123973
22123972
22123971
22123970
22123968
22123967
22123966
22123965
22123964
22123963
22123962
22123961
22123960
22123959
22123958
22123957
22123956
22123955
22123954
22123952
22123951
22123950
22123949
22123948
22123947
22123946
22123945
22123944
22123943
22123942
22123941
22123940
22123939
22123938
22123937
22123936
22123935
22123933
22123932
22123931
22123930
22123929
22123928
22123927
22123926
22123925
22123924
22123923
39980781
39980780
39980779
39980778
39980777
39980776
39980775
39980774
39980773
39980772
39980771
39980770
39980769
39980768
39980767
39980766
39980765
31795448
31795447
31795446
31795445
31795444
31795443
31795442
31795441
31795440
31795439
31795437
31795436
31795435
31795434
31795433
31795432
31795431
31795430
31795428
31795427
31795424
31795423
31795422
31795421
31795420
31795419
31795418
31795417
31795416
31795414
31795413
31795412
31795411
31795410
31795409
31795408
31795407
31795405
31795404
31795403
31795402
31795400
31795399
31795397
31795396
31795394
31795392
31795391
31795390
31795389
31795388
31795387
31795386
31795385
31795384
31795383
31795381
31795380
31795379
31795378
31795376
31795375
31795374
31795373
31795372
31795371
31795370
31795369
31795368
31795367
31795366
31795365
31795364
31795363
31795362
31795361
31795360
31795359
31795358
31795357
31795354
31795353
31795352
31795351
31795349
31795348
31795347
31795346
31795345
31795343
31795342
31795341
31795340
31795339
31795338
31795337
31795336
31795335
31795334
39998562
39998561
39998560
39998559
39998558
39998557
31795525
31795524
31795523
31795521
31795520
31795519
31795516
31795515
31795514
31795513
31795512
31795511
31795510
31795509
31795508
31795506
31795505
31795504
31795502
31795501
31795500
31795498
31795494
31795493
31795492
31795491
31795490
31795489
31795488
31795487
31795486
31795485
31795484
31795483
31795482
31795481
31795480
31795479
31795478
31795477
31795476
31795474
31795473
31795472
31795471
31795470
31795469
31795468
31795467
31795466
31795465
31795464
31795463
31795462
31795460
31795459
31795458
31795457
31795456
31795454
31795453
31795452
229013387
229013386
40458432
40458431
40458430
40458429
40458428
40458427
40458426
40458425
40458424
40458423
40458422
40458421
40458420
31795326
31795325
31795324
31795323
31795322
31795320
31795319
31795317
31795315
31795313
31795311
31795310
31795309
31795308
31795305
31795304
31795303
31795300
31795299
31795297
31795296
31795294
31795293
31795292
31795291
31795290
31795289
31795288
31795287
31795286
31795285
31795284
31795283
31795282
31795281
31795280
31795279
31795278
31795277
31795276
31795275
31795274
31795273
31795272
31795271
31795270
31795269
31795268
31795267
31795266
31795265
31795264
31795263
39980764
39980763
39980762
39980761
31795332
31795331
31795330
31795329
31795328
161484926
40787997
40787996
40787995
40787994
40787993
40787992
40787991
40787990
40787989
40787988
40787987
40787986
40787985
40787984
40787983
40787982
40787981
40787980
40787979
40787978
40787977
40787976
40787975
40787974
40787973
40787972
40787971
40787970
40787969
40787968
40787967
40787966
40787965
40787964
40787963
40787962
40787961
40787960
40787959
40787958
40787957
40787956
40787955
40787954
40787953
40787952
40787951
40787950
40787949
40787948
40787947
40787946
40787945
40787944
31795261
31795260
31795259
31795257
31795256
31795255
31795253
31795252
31795248
31795244
31795243
31795241
31795239
31795238
31795237
31795236
31795235
31795234
31795232
31795230
31795229
31795227
31795226
31795224
31795220
31795219
31795214
31795213
31795212
31795211
31795209
31795205
31795204
31795203
31795202
31795201
31795196
31795195
31795194
31795193
31795190
31795189
31795188
31795187
31795186
31795185
31795184
